object Form1: TForm1
  Left = 0
  Top = 0
  Caption = 'Form1'
  ClientHeight = 480
  ClientWidth = 640
  FormFactor.Width = 320
  FormFactor.Height = 480
  FormFactor.Devices = [Desktop]
  DesignerMasterStyle = 0
  object Viewport3D1: TViewport3D
    Position.X = 248.000000000000000000
    Position.Y = 328.000000000000000000
    Size.Width = 100.000000000000000000
    Size.Height = 100.000000000000000000
    Size.PlatformDefault = False
  end
end
